
1654622073.192075,1
1654622088.8597944,1
1654622119.3857007,1
1654622126.016412,1
1654622387.2103913,1
1654622391.9988403,1
1654622394.9628417,1
1654622404.5631084,1
1654623285.9496782,1
1654623342.9213023,1
1654623359.1665707,1
1654623369.0225034,1
1654635638.537147,1
1654635644.2062852,1
1654635646.4100726,1
1654635648.8224978,1
1654635683.0638924,1
1654635695.616095,1
1654635700.1729958,1
1654635702.727117,1
1654635705.2174616,1
1654635709.2442727,1
1654635713.6382387,1
1654635725.903862,1
1654635887.1785276,1
1654635891.0184186,1
1654635893.6437666,1
1654635914.5972216,1
1654637102.8709595,1
1654637132.464506,1
1654637140.0076988,1
1654637143.6744564,1
1654637147.1658454,1
1654637150.5934746,1
1654637155.5252967,1
1654637166.3620496,1
1654637241.5372884,1
1654637250.4599671,1
1654637258.3832448,1
1654637261.1934927,1
1654637264.202262,1
1654637273.3139844,1
1654637275.474636,1
1654637297.1561458,1
1654640966.0047424,1
1654640981.8029528,1
1654641000.0218346,1
1654641090.4086,1
1654641094.197616,1
1654641096.3633764,1
1654641099.9439077,1
1654641103.273925,1
1654641106.342217,1
1654641126.2565067,1
1654641231.292276,1
1654641235.0686011,1
1654641249.3033812,1
1654641728.495845,1
1654641736.5515316,1
1654641797.7629619,1
1654642123.3190775,1
1654642126.2498226,1
1654642130.7553425,1
1654642136.8644433,1
1654642150.3865466,1
1654642711.5609984,1
1654642715.5110095,1
1654642728.510615,1
1654643147.6752937,1
1654643152.658636,1
1654643165.9409075,1
1654643169.5633938,1
1654643182.6390712,1
1654643212.0464473,1
1654643216.2576656,1
1654681025.5599568,1
1654681038.6805897,1
1654681813.3254805,1
1654681827.4233956,1
1654687988.6057048,1
1654688761.1583683,1
1654688858.0837379,1
1654688866.9881635,1
1654689075.822991,1
1654689103.0105987,1
1654689107.0914207,1
1654689112.2846005,1
1654689117.9007466,1
1654689130.9000082,1
1654726681.8683438,1
1654726710.9262874,1
1654728914.7485898,1
1654729071.8784883,1
1654729534.9117851,1
1654729539.6626894,1
1654729548.3660681,1
1654729550.3370333,1
1654729552.343973,1
1654729554.5555334,1
1654729564.7271543,1
1654729567.4527183,1
1654729603.4729908,1
1654729610.2354167,1
1654729612.8267055,1
1654729615.7307174,1
1654731326.7231953,1
